    

 

 

 

 

 

 

 

 

 

111- mr„ mm ιιιιῗξῖυᾞο- γεῗζεω tam-1:112„ Dfflmm· · ..xum—-
11. qu· . .
1⁸⁰³*st ⁵¹¹ 3, ³⁶¹¹ mmm swvwa 175170051- m 33
1310111 3 33 70700 00 05317 171077 111 uf„
115441113-1³⁴3 moooo 05113 17117010-33333
1017513357000000 05010 munes 345„
1051711333 7000000 05700 17370711 uum
10551333 7010000 0507 1711110711-1,33331
105010 333 &mono 7 000 17310010- 331 311
177153337000100 7155 17775077 &0⁷2 .
17 051336 7010000 7377 17711755-1-33333 a
17 077333 7050000 7110 17707000-33331 a
1710 7 3 33. 73000 00 τ s 14 171730 53- 337 2⁷ ὃ
17 10 00 3 33 70700 00 7 7 11 171107 07 333 11 ε
1771111333 2000000 707 17100010133331 ε
17 70 50 3 31 mou 00 τ 10 31 170701 17)Γ 333 33 ε
1777117333 0000000 7170 12039729433273 o
1701333ὃ 00 71370 17000-150-,1-33137 ‚aa
173100 331 3010000 71153 1107071111 33333 τι
173010333 0030000 71010 11010775 ,21
17 11 57 3 37 30100 00 7 17 10 110077 70 21
17 10 70 s ³1 30500 00 7 1017 110711 05)Γ ε
17100333 3000000 77053 11311707 Ξ
17 57 17 3 31 30700 00 7 70. 5 110000 7οΫ ὅ
17 50 10 3 ³7 30000 00 7 73 31 117705 5⁵4 331 13 e
1⁷ 50 50 3 37 30000 00 7 71 50 117111 10 333 m S
111 3 33 3 3., 01000 00 7 -10 71 117113 30 m 33 ε
10 7 10 3 31 31100 no 7 77 so 110700 71 m 33 (3
13 10 17 3 37 mmo 00 7 70 17 110175 ²¹4 ³20 0⁰ εΑ
10 14 01 3 33 31000 00 -ι ao 13 110155 71 313 sa -ι
10 10 7 3 37 71100 00 7 37 10 115000 213 317 33 o
10 71 30 3 ³7 01500 00 7 33 30 115510 77 313 33 ,ι
10 0010 3 3., 31000 00 7 05 7 115701 111 313 33 ε
10 70 50 3 33 31700 00 7 ae, 70 111005 351. ³14 33 2
10 37 31 3 :1⁷ 3180ss 00 7 37 55 111570 001. 313 1³⁷ α
13 30 8 3 33 31000 oo 7 00 77 111750 424v 313 33 ε
10 30 10· 3 33 30000 00 7 10 10 113013 13 312 31 ξ
10 13 71 3 33 37100 00 τ 17 14 113031 42 311 05 ‘a
10 17 7 3 33 amo 00 7 13 11 nanzo ³⁷4 313 0⁷ e
{mm {ffagffl 322³} {13233’3‘3 &⁰⁹¹2 Μ’ ἓ
1110757ξῇ ammon 7130 11730301 ᾕξῇἷ 19000
10135338 mmm 71070 11703500 33333 1031αέ
13 5 13 3 33 37700 00 7 50 53 111770 514- 333 134 ς
10 s 57 3 a& 37800 00 7 57 10 111171 17 ³04 41 ,ι
10 17 30 3 33 37000 00 7 50 10 111100 70- 333 4⁹ 10 11 ³
10100339 3300017) 75517 11000077-33233 ²
10 10 17 3 33 30100 00 7 50 08 110500 εει-1- 301 ω 10 50 ⁵
107375333 3370000 7505 11070203133373 1905 ⁴
10771333 3330000 75031 10300170 mat> 1053
1011017333 3310000 0050 10350113123333 202
1113171333 0350000 3771 10030710 33333 20⁶
¹⁹³⁸⁰aas 3300000 0350 10000117-33113 0011)
19 11 3⁹ 3 ³9 33700 oo Β 5 17 108767 24- 333 3ο 201³
¹⁹⁴⁵¹³a40 assoooo 86⁴³ ¹⁰⁸⁴⁷⁰r⁵⁴ 2954„ 2⁰¹⁷
3113 &m 1311 13130 3⁸2⁵ 33
105010 {ff 3110000 1111 7 mmmm-1- 33333 «1070
1050511333 mmm 01770110793110 m„ ‚nu

  

 

