Ex mun· &delphinu-

4³5

Uitula canonis Antilognrifflmomm nautiorum, potissimum pro eclipsibus.

 

 

 

 

 

 

 

 

 

 

 

 

 

 

 

 

 

 

 

 

 

 

 

 

 

 

 

 

 

 

‘²' ono (14.0 uno 5220 030 01-,0 cmo (14.0 nno (³121
ξ. ιιι) 437 mu w.21 3420 mne se. 42 mm 3330 430
ι 0000000 0 0000 04207 0320 1000 3,317 5100 7403 101301020010700
1 0000001 1οζ1 u 17 40 1000 37 232 322 220 347 032
33331 3- 3 30312333 31313 33333333
ι 10 401, 2 40 0010 1007 477 002 702 437 500 150
⁵ 20 3010000 0200 0001 2017 3317 5432 71702103071030017210
ξ ⁴5} 151 aas* 4413, 3322 ,420 3000 74940 3330 ,357 134
0 73 0 0004 0271 0032 2040 3330 3400 7023 1007313747 17030
3 0000οῃ 103 0 02 73 2072 0500 304 ssa 040 027 420
0000015„ 0000000 0204 0005 2110 040 505 7044 710 000 511
ι 145 000010 03001010 42 302 300 0000 70013000 002
1 172 40 12 10 00 2174 724 oss 3007 0111141070 093
, 201 50 0014 0330 1001 2200 ³:155 5740 0120100331413117704
ι m 332 ,00 5016 ⁸228 ‘2250 3307 4341 3351 5453 3415
5 205 o 0017 0043 ’11033 2200 5507‘ 5702 31011100514123317370
ῖ 50 10⁴ 20 30 1100 2271 30 314 25011077 31317003
ῖ omnm 20 23 00 20 2000 0003 007 013 140 00710000
³ (100058 ’,300 20 02 52 es 033 5040 470 222 4το 152
’ 33 0032 3333 113333333333& ⁸311}ss 14ἓέ 14ἓέἓ
Ιιιῐι ‹idm-1²· ms 3310 se 17 3324 34.οι 4333 »045 ⁵252 ⁸050· ⁵55
W mm· θ’ 0000 0423 122Ῑ 2437 4000 0100 0307 114411472010401
Εἴ. ³:⁰5⁰!ss 10 42 07 47 2471 4110 103 031 515 012 324
20 47 32 71 2305 54 217 003 599 5⁹5 517
3¹2·- um 00 52 00 1200 40 4100 271 700 603 14000 711
ww 40 37 01 1321 2374 245 023 320 73713004 005
··““ “·“· 1³¹¹·50 0002 0407 1040 2000 4207 0330 0307110111514013000
ῗζνῶἳξζζῗ ’ ³54 33117 4410 3325 4432 ιω, 50 sc 40 3553 1 sc 0 337
mmmm, o 0008 0312 1071 2344 4002 0435 0032110143 132112 10003
ux ..mom 10 73 20 1300 2300 370 430 901711900 017 10000
m ...ιιι 20 70 44 1422 2713 400 545 9.08212.03:1 402 100
ι’·ῑ-,Ψὶὲὲἳ ’ἐξ 33 14ῒὲ Ὴὲἑ 4ἓῗὲ 333 333 ῗὲὲ 333 333
fimo-41¹, 50 0000 0302 1501 2023 ⁴¹⁵⁶ss 5719 0200122001303010403
»um- ¹¹2 112·- 14:⁴⁶ 4412 «410 3420 maa §2140 sc 47 se. 54 zm aas
’Νι EUM 0 0100 0000 ’1527 2300 4007 5759> 0040 12330 15 744 19554
ῈΗ-*Ἒίηζπ 10, 15 23 54 2007 054 020 412 415 030 030
3, 31 3 3 3:333 3333 333 333 333 33333 333·
¹· ΜΝ· ¹1¹¹ 40 0“ s 7 5 -4Γ 0000 10030
“humor 5:350 0144 0⁵33} 1022 affl 4043 739054 0,ἓᾶ 12ῗ2“2’ 1ἶ177201047
,
’3οΜ ⁸³¹² ᾈ 10. 0 ,0,10 ,020 3427 ⁸034 scu 1040 ⁵450 ⁵0⁴2· 130
nmmum 0 0132 0713 1002 0004 4301 7112 017431270010204 20144
3. amp„ ,μ 10 03 1721 3122 030 170 310 070 302 241
...munnam 70 32 40 151 4007 220 03412054 42³⁰ {23
ωψῦῗω ῗέἷ ⁷³3 01ss {1⁷13} ³²33 3333 31333312333 333 ωε.
30 0100 0310 1000 0277 3130 7404 10000 1010010704 20000

 

 

 

 

 

 

 

 

 

 

 

 

 

 

 

